2742027
9315697
3374973
1844248
674598
7703586
7517493
12107970
14804072
8320682
15109248
2455776
922979
16320158
9996665
2562520
961232
1138076
15867967
13662151
11082372
3216685
8323833
14510355
6714278
5589691
15906755
13860150
2409169
6263794
7470836
5139307
4460366
3359449
223589
16365285
1832910
8922032
1878465
14712007
14441746
15217245
15609386
3852674
4351630
303995
15967395
11961567
2746494
13277112
2467849
6957969
6761246
12161015
15343712
634904
5250897
16187420
3031959
14637157
8519142
7308759
5748418
6092773
6449819
8241868
7825174
4787047
12827468
7646912
1792210
779182
1289515
11045119
4662373
848267
11619728
1186119
11674365
7700704
7229666
3244477
8361670
8694833
1613857
2614823
16208860
9131541
3154956
10101410
4241666
1351239
5264219
14798443
2817517
14289666
2477909
6817780
2102233
14600690
10118913
12832681
14899167
8037390
4039806
10872821
4008005
10879627
9044307
16303371
10668743
9668172
4255082
16031456
3796101
10085446
6477842
12344636
8718566
2489783
15973018
7412355
10229365
11165752
1020002
7288574
16618312
15447394
5994430
12410318
1851679
16529698
12954064
3733375
6299631
16742028
541808
1767007
12795668
9472703
13580390
3860263
2444757
13211958
1193653
7999326
16522874
3826399
13816102
13634310
3276648
8312383
148583
10604195
16156501
3182886
957378
15452811
5738455
2465935
2660376
11852431
2437119
6234027
5536759
5503673
11330272
8179817
4296088
14272644
16590675
9659482
4371552
7119228
9701965
14172514
15038893
7783779
8562558
6375495
1590302
5434703
8513532
1116433
5093407
16124678
8062972
5128159
13013045
1685217
315025
3744263
737982
5089048
14104755
7502883
8038638
8547296
12758681
13093902
1198945
1227071
3208116
3349206
5221172
16219029
11983201
948297
16710307
11706365
11568778
2525393
6905121
3360651
1887786
11263293
13208656
3902777
10205106
9627484
9188544
14169046
3596819
16106567
4557374
16493788
13492244
1905357
5142339
6274107
6872655
8538005
11197856
14969192
10343445
6022719
10030739
8744152
10349579
5147951
2348653
4877312
13085493
3704227
11408024
2442879
10113185
3248397
8855550
13022908
1890477
11261197
316183
7827562
5412963
476633
2613626
2992590
16407314
9621862
6778483
9773691
448954
4405596
196658
8774981
13569151
13319291
9220421
10906800
8369612
2752298
172415
16435961
1527852
11926405
12982796
4188658
8103793
14412177
1614150
12248435
11763206
9610531
16215022
6325755
15994025
15208031
11909569
240206
13860920
13502705
16333513
14436199
13509203
11680391
16748699
3272688
12589600
11008154
8931974
4556982
976227
7032107
4572425
851990
11748273
14239655
9075458
16397397
10975309
13072425
12153337
6517260
15001533
3265759
16206176
14184811
11945709
12655010
3759851
15788307
12723999
1015170
14528313
10074245
12955285
608148
12538268
10253512
7800389
13375522
1398629
4620513
12807053
11975696
12229138
3056403
13049366
15991412
16498643
761970
1210563
431634
12388915
4871281
7965871
16411359
4648771
3609169
2451921
6445207
2363766
10491161
6223344
15879180
582972
9576652
1807151
6928102
4173014
5185243
8644442
5181016
11328024
15657394
11243457
10949293
2114198
16464166
14181946
4714587
2868366
9624852
15588983
15013365
11360508
7958062
2282133
16495972
10250633
995361
7630412
1869938
14900897
9764237
15768798
11314732
15760043
4540234
6027850
11625803
1995360
6690385
15503333
11906448
10221408
9032796
2101992
15682521
868510
8303596
10789891
2771097
4334544
4181688
695651
14658414
12165860
6781668
13267968
14294692
4061335
15107418
7302506
13991855
1226376
3449782
12681124
12608499
7794078
6018004
551104
2037905
13866600
4973531
16739200
6989428
6582754
12254452
16670749
671352
8833889
4052564
16670941
676359
5128608
11654967
11301903
10619035
14737051
1025709
1086546
5117715
14162856
14995633
1669126
15331615
8011841
8827620
11128059
14707638
10622531
12245424
15880535
6232073
15723720
13859355
9210326
13933910
4064129
2522781
15059817
14367624
11461211
6258569
4068915
12473832
3404876
13853550
10864080
12628391
6197137
11979407
5996990
9180594
12581153
15920192
9108611
4564210
9563129
5463643
7668767
6025175
15187648
11544641
783871
9108252
13755051
5072147
645024
12113270
2331839
12324270
13819516
16032304
1187439
5757924
11012587
11790512
5360456
8240882
14893825
9668183
13704848
15159012
3286338
3059286
15541492
15264428
9419406
4794308
12960523
16557376
8775746
10257041
5724427
12083638
15374096
8236494
6764067
16064401
2196896
4158034
15684115
5945320
13349739
12544454
1458427
10386383
7870694
6588629
5895171
142774
2907971
11403669
11710552
701382
2236580
245240
5883127
3160663
7292116
16379819
3044899
12188802
4841999
4718534
3396293
6936497
13824130
1354576
6859718
6917785
2858397
3559154
1220426
1321626
16407916
4104672
1343739
16273595
14184311
11244440
14073032
1002422
6788533
8793852
8223292
3391359
14588522
6139135
2233155
6213257
7934146
15857472
1911125
9002699
15519523
6507721
9078556
15937014
7406890
13725324
10273354
7316178
640350
748338
4516064
12746447
12869522
13494367
8820260
13275141
8007651
7507921
15185308
7713450
1014578
12015205
2135230
10769136
702429
5621648
278159
6180509
13046848
9293486
1539641
8438375
14958472
1895980
3427998
12895000
276472
7215276
9856034
12591090
15609771
15855373
15094620
5868412
5648776
7460217
14647802
16219106
2295513
2543294
10907410
4646314
2596494
7560562
3034154
7332862
1492223
8170451
10856587
8276780
12185964
15213242
10935307
14873906
11608371
10253194
12561694
12836642
5944114
12340653
7640859
3377707
9878337
13419501
6113456
6471081
2871887
1531335
8328949
13767249
13676018
9265866
12703536
13337312
6174414
9297690
5304114
13344259
15010442
9031237
3441215
1079610
11120726
2079188
9696707
8838789
7920000
7846228
14622090
11315270
2956718
8865509
2501108
13973910
5849045
3654646
16769936
5142177
1272055
7023185
4537751
9675265
15162410
7236703
13448260
15055664
12296042
12056887
8067978
10037297
8868332
7934976
13026914
16118625
5637824
5039902
16092723
141089
14732458
2818205
11828169
515463
4562449
12721042
11165694
8033182
11536652
5668685
2767055
15724569
2421598
11658904
5109639
14959935
14296159
8961196
12172743
4263911
7381635
5885966
6064262
9245192
10229568
10453772
2593211
12484861
8990163
14119803
11631139
2770715
12145486
3333349
9997465
3888996
994314
11353957
14391990
2714222
10977143
14129003
12484285
12887648
3539690
2131107
4792499
15942371
15352266
6868598
381744
14833252
3576100
9357278
9719733
9430457
15362382
3672228
5495163
10937180
8144352
8387740
13426794
6486472
15015394
3733479
13738855
4476553
15740813
5519118
3080546
164445
11403156
10989668
14684803
6834315
4491078
3634958
15789670
9721145
7099004
9049313
1495256
10813894
13642106
13726829
2863993
12902554
10057606
14374281
6782872
3090658
6965275
11258375
3061775
3348393
1705521
13675363
12346924
8284277
1142288
16024265
16131754
998742
5693122
13957175
1989500
13774491
6006558
11526417
2894953
15521523
1081306
5611580
5276372
16298649
2509586
12730000
12870570
12669322
9358839
8376394
4572459
10225212
14845527
8788010
3245154
10933846
14044890
5402859
14659404
1346089
14435782
13811435
11906107
8219722
8232516
3556374
12225685
13718963
7448283
6536335
3880985
3659276
12227867
7149775
5322188
9964671
6912277
9813947
1916973
7183716
8404821
5545359
10099403
406923
5748930
5626209
10964761
683630
4018377
3876785
8031600
8548564
16725726
14744169
14410842
13256344
6048825
3457973
9388965
3793467
12442973
11925025
10664330
134334
6751167
13832102
14771678
8770014
15280773
11129739
3840402
1370471
2522348
2670185
11423462
5168011
5806494
10546437
11853928
6039422
1480372
11808844
16212321
12849279
2341561
14500713
9859463
5736315
16650906
6113939
15402701
5580817
767674
1146659
2431646
8962150
8771091
6661467
1969015
16205197
15722612
12607314
15527854
2255780
1662110
12141724
8985125
11268806
1511171
9817208
865574
2542063
11953816
10968718
14752228
9550007
813357
4942285
1434646
15315315
11203636
1716041
1613776
1521844
7980282
13915583
5880865
10258037
7770019
2524902
4097582
9884284
4012616
6082467
732731
876904
14208228
8363241
14813631
2079931
9757335
3321390
930527
1013491
2406710
14795079
11898266
4194108
9726909
13694910
14177740
10778550
10991526
2277591
14439794
8451950
4841167
6259450
7792872
9105239
8125374
14893159
10954145
10090852
9854961
12798944
14641007
15379369
8484546
6614877
7063515
7092490
1771337
11869887
4692470
12576366
16621448
14172184
3666647
12349612
16596692
8806454
8389496
14306711
15925341
2576873
10814162
13611906
1002581
8851133
11241196
10360678
12642800
11724271
10047569
4555890
16570918
2793409
8064155
3871091
10096074
16356764
14664169
1417893
5532945
14094316
14104000
10357480
12326472
7802681
11171199
3016493
1556740
9724819
9495700
6429684
6460814
2808365
11013321
14501978
15073742
2681318
10716772
10952144
14997627
12063313
1591422
4129011
15581346
8116968
2073801
4925523
10505750
10463020
7482623
13169399
12149416
4349360
3099295
12721010
11028323
8976713
8776421
10381084
12423234
13412889
13254879
12852387
10606387
1387925
11220291
4441005
2615386
3133009
11013860
1343877
9407703
13384685
8359684
4620029
4253281
5416548
8847697
14672578
11446336
1940418
16476214
14248720
10782022
13486411
11420191
13370262
2898296
3768090
1090467
6087094
4175134
10261640
7554038
15260637
11297032
16173485
13716634
12030385
16725176
11212003
14969463
1139747
9214507
7692152
5497908
12949280
2018264
8998980
6680702
8307859
13736803
3408784
9420035
2368214
10632798
944715
11703567
16333121
14544214
2149755
7428987
6438344
498692
14893729
2592499
10706858
2087815
9255133
16564472
3092292
10275839
6717849
5025465
3977955
16111052
11469004
11658932
12760591
9854776
16485664
10776099
14466399
8764694
10835339
13270423
16293418
8376155
9344413
7599011
1046707
15067509
7244035
12011309
6702679
3103860
3657653
11192331
11498829
16382689
6622141
4393898
2974233
3913306
8324496
10167290
6501765
14924212
1278388
217175
10989133
4688545
15134628
15094329
1091822
14249829
3199935
8749368
9398298
9235289
7289492
5024650
8971877
1651572
10907617
4735062
532301
6704706
181551
4204580
10560688
5352446
4876381
15203462
14743265
12230598
9139989
223826
13206328
2274564
13029046
5099773
7245784
10326118
7214622
13335932
13923751
12797139
16352658
4980382
6009867
10149603
11318778
14699535
10491641
6666132
7328167
4329295
9592871
11463885
1032995
15795830
3819984
5664632
6238096
8512318
7931262
2778828
12468144
15359170
8838539
7498365
13722079
13404012
10864085
3552581
12815883
7504904
9957624
1315405
16402458
2868303
16188641
3294638
12589846
11044910
9862438
1318451
16309521
5624578
15201439
7931967
16146135
7430695
11359274
6087315
7059518
9279171
2800423
12761405
9633839
6402637
6549848
14277882
3447697
2693164
14055998
13285538
8482207
12375538
10107334
9809713
13759585
5361403
252468
8277593
16249534
5592762
13680034
3805003
8045528
9078477
16696152
9389257
15939411
14903779
5778469
4027967
14753960
3234459
8759962
15580913
8071856
10247448
13663660
7703026
6385998
14770789
12730251
4954823
9741140
14247398
13424855
14639934
10001331
16334297
7889777
8162337
2060383
10178671
4352272
779242
4043898
7710298
8460940
6744027
9846758
4129147
5783167
10638352
1586617
8102466
8364611
11653758
1479346
2795393
6611131
5272044
9073282
7918266
16711777
7876893
6224758
8834497
14122813
4260508
2284014
3122431
801040
14046885
14359820
14765077
10132459
6735284
12954118
6352763
451253
4125540
14893243
9979266
10399162
12808508
3403857
12759684
11864173
2246649
6877981
3739454
6589122
13569795
4072275
11949094
7746877
11208807
7396270
10088753
13200067
6010831
3685831
14138821
16391097
178078
6813830
4864152
13698161
3292247
9376234
14959112
7313212
10325775
5868892
527589
15182214
249749
5408914
9052376
7519594
4473261
10447441
8707706
14571259
2177371
14200169
11787988
3432477
3020036
7451790
4988492
16347227
15694774
4572957
10450202
14989683
911003
16257100
10237222
7229074
16394510
13911998
7642555
14419235
11059064
5239111
7694477
2223152
16051336
6168360
8073406
15762370
15897309
13560879
6783725
13748870
3013027
5760702
697601
2346545
10989857
10889502
12430384
9809030
4733834
16481089
2250723
1538258
11621055
8096932
10086220
2553303
6828057
16443150
5586440
12373937
13593456
4838000
16589044
12148234
5987862
1834139
15929112
5828188
3649659
4237861
8495870
14432596
10504588
15380070
11722195
1810309
3238143
10546279
4855710
5757379
13216979
7081793
15818073
13912605
1522299
865195
2690830
4685141
15175739
652075
9163775
8436511
5615414
10652119
4731333
6807258
7577042
15427222
10611594
16110766
9613284
12153150
9367767
16568596
7193161
16031583
2502200
13374633
7181610
9655551
564627
15682810
4247405
895033
15798114
2850431
13422922
12149339
14768390
7015826
3565620
11523311
3989027
6536517
3112370
2617870
6308730
13710662
4719066
13044533
11530196
3820771
13783970
5832235
13876105
14715424
6568199
13310295
1290177
1122917
5292724
13018773
2118633
10065896
3939706
4501912
7540974
11314483
9171823
687004